cancer_name: hepatitis
tau: 0.1
threshold: 0.1
TP:,1,1669,1,1,29,61,7,203,0,0,1554,167
TN:,6392,1356,6357,5928,5888,5823,6376,5673,6329,6015,2866,4988
FP:,38,2832,7,10,48,38,7,28,11,81,731,148
FN:,30,604,96,522,496,539,71,557,121,365,1310,1158
Global:
TP: 3693, TN: 63991, FP: 3979, FN: 5869

cancer_name: hepatitis
tau: 0.1
threshold: 0.2
TP:,1,1806,1,5,35,78,10,212,0,2,2218,214
TN:,6379,1099,6355,5923,5880,5804,6375,5669,6329,5968,1436,4913
FP:,51,3089,9,15,56,57,8,32,11,128,2161,223
FN:,30,467,96,518,490,522,68,548,121,363,646,1111
Global:
TP: 4582, TN: 62130, FP: 5840, FN: 4980

cancer_name: hepatitis
tau: 0.1
threshold: 0.3
TP:,1,1948,1,5,42,95,14,221,0,5,2456,279
TN:,6356,908,6353,5913,5871,5781,6374,5665,6327,5888,985,4804
FP:,74,3280,11,25,65,80,9,36,13,208,2612,332
FN:,30,325,96,518,483,505,64,539,121,360,408,1046
Global:
TP: 5067, TN: 61225, FP: 6745, FN: 4495

cancer_name: hepatitis
tau: 0.2
threshold: 0.1
TP:,1,1437,0,4,20,26,3,249,0,6,2252,218
TN:,6378,1788,6352,5925,5892,5838,6375,5666,6333,6086,1476,4944
FP:,52,2400,12,13,44,23,8,35,7,10,2121,192
FN:,30,836,97,519,505,574,75,511,121,359,612,1107
Global:
TP: 4216, TN: 63053, FP: 4917, FN: 5346

cancer_name: hepatitis
tau: 0.2
threshold: 0.2
TP:,1,1634,0,5,23,40,3,255,0,7,2430,275
TN:,6355,1471,6351,5918,5886,5830,6373,5664,6330,6081,1114,4865
FP:,75,2717,13,20,50,31,10,37,10,15,2483,271
FN:,30,639,97,518,502,560,75,505,121,358,434,1050
Global:
TP: 4673, TN: 62238, FP: 5732, FN: 4889

cancer_name: hepatitis
tau: 0.2
threshold: 0.3
TP:,1,1817,0,10,30,58,3,262,0,8,2539,338
TN:,6317,1186,6351,5906,5875,5808,6368,5656,6326,6071,854,4746
FP:,113,3002,13,32,61,53,15,45,14,25,2743,390
FN:,30,456,97,513,495,542,75,498,121,357,325,987
Global:
TP: 5066, TN: 61464, FP: 6506, FN: 4496

cancer_name: hepatitis
tau: 0.3
threshold: 0.1
TP:,1,1368,0,3,32,18,2,266,0,10,2245,239
TN:,6408,1964,6359,5912,5875,5831,6374,5654,6336,6079,1528,4900
FP:,22,2224,5,26,61,30,9,47,4,17,2069,236
FN:,30,905,97,520,493,582,76,494,121,355,619,1086
Global:
TP: 4184, TN: 63220, FP: 4750, FN: 5378

cancer_name: hepatitis
tau: 0.3
threshold: 0.2
TP:,1,1586,0,9,36,24,2,279,0,10,2398,295
TN:,6397,1579,6358,5901,5869,5820,6374,5649,6336,6073,1194,4835
FP:,33,2609,6,37,67,41,9,52,4,23,2403,301
FN:,30,687,97,514,489,576,76,481,121,355,466,1030
Global:
TP: 4640, TN: 62385, FP: 5585, FN: 4922

cancer_name: hepatitis
tau: 0.3
threshold: 0.3
TP:,1,1789,0,13,39,34,2,288,0,11,2529,353
TN:,6378,1286,6357,5887,5857,5800,6374,5641,6335,6069,969,4736
FP:,52,2902,7,51,79,61,9,60,5,27,2628,400
FN:,30,484,97,510,486,566,76,472,121,354,335,972
Global:
TP: 5059, TN: 61689, FP: 6281, FN: 4503

cancer_name: hepatitis
tau: 0.4
threshold: 0.1
TP:,1,1267,0,14,36,17,1,283,1,11,2298,238
TN:,6421,2177,6360,5900,5883,5821,6379,5648,6333,6074,1499,4908
FP:,9,2011,4,38,53,40,4,53,7,22,2098,228
FN:,30,1006,97,509,489,583,77,477,120,354,566,1087
Global:
TP: 4167, TN: 63403, FP: 4567, FN: 5395

cancer_name: hepatitis
tau: 0.4
threshold: 0.2
TP:,1,1517,0,18,39,24,1,293,1,11,2427,292
TN:,6417,1756,6360,5887,5871,5808,6379,5642,6332,6071,1215,4861
FP:,13,2432,4,51,65,53,4,59,8,25,2382,275
FN:,30,756,97,505,486,576,77,467,120,354,437,1033
Global:
TP: 4624, TN: 62599, FP: 5371, FN: 4938

cancer_name: hepatitis
tau: 0.4
threshold: 0.3
TP:,1,1742,0,24,48,35,1,304,1,13,2542,343
TN:,6407,1364,6358,5870,5856,5783,6379,5639,6331,6066,996,4790
FP:,23,2824,6,68,80,78,4,62,9,30,2601,346
FN:,30,531,97,499,477,565,77,456,120,352,322,982
Global:
TP: 5054, TN: 61839, FP: 6131, FN: 4508

cancer_name: hepatitis
tau: 0.5
threshold: 0.1
TP:,0,826,0,15,43,16,1,279,4,8,2373,269
TN:,6418,3082,6360,5884,5875,5828,6379,5653,6333,6070,1388,4909
FP:,12,1106,4,54,61,33,4,48,7,26,2209,227
FN:,31,1447,97,508,482,584,77,481,117,357,491,1056
Global:
TP: 3834, TN: 64179, FP: 3791, FN: 5728

cancer_name: hepatitis
tau: 0.5
threshold: 0.2
TP:,0,1396,0,23,47,24,1,296,5,12,2478,306
TN:,6410,1990,6359,5868,5860,5801,6379,5649,6333,6068,1156,4847
FP:,20,2198,5,70,76,60,4,52,7,28,2441,289
FN:,31,877,97,500,478,576,77,464,116,353,386,1019
Global:
TP: 4588, TN: 62720, FP: 5250, FN: 4974

cancer_name: hepatitis
tau: 0.5
threshold: 0.3
TP:,1,1654,0,34,55,29,1,303,5,16,2568,365
TN:,6397,1538,6359,5843,5846,5770,6379,5643,6332,6059,973,4771
FP:,33,2650,5,95,90,91,4,58,8,37,2624,365
FN:,30,619,97,489,470,571,77,457,116,349,296,960
Global:
TP: 5031, TN: 61910, FP: 6060, FN: 4531

cancer_name: hepatitis
tau: 0.6
threshold: 0.1
TP:,1,899,0,12,45,23,1,283,6,6,2346,290
TN:,6384,2986,6362,5903,5866,5810,6376,5650,6333,6071,1505,4898
FP:,46,1202,2,35,70,51,7,51,7,25,2092,238
FN:,30,1374,97,511,480,577,77,477,115,359,518,1035
Global:
TP: 3912, TN: 64144, FP: 3826, FN: 5650

cancer_name: hepatitis
tau: 0.6
threshold: 0.2
TP:,1,1455,0,18,51,32,1,290,6,7,2460,325
TN:,6372,1931,6361,5888,5856,5782,6374,5646,6333,6066,1260,4839
FP:,58,2257,3,50,80,79,9,55,7,30,2337,297
FN:,30,818,97,505,474,568,77,470,115,358,404,1000
Global:
TP: 4646, TN: 62708, FP: 5262, FN: 4916

cancer_name: hepatitis
tau: 0.6
threshold: 0.3
TP:,1,1738,0,24,58,37,1,302,6,12,2551,382
TN:,6343,1459,6360,5863,5843,5740,6372,5639,6332,6059,1048,4759
FP:,87,2729,4,75,93,121,11,62,8,37,2549,377
FN:,30,535,97,499,467,563,77,458,115,353,313,943
Global:
TP: 5112, TN: 61817, FP: 6153, FN: 4450

cancer_name: hepatitis
tau: 0.7
threshold: 0.1
TP:,1,1310,0,12,41,12,1,279,6,2,2271,259
TN:,6210,2165,6362,5899,5871,5823,6374,5648,6332,6073,1705,4926
FP:,220,2023,2,39,65,38,9,53,8,23,1892,210
FN:,30,963,97,511,484,588,77,481,115,363,593,1066
Global:
TP: 4194, TN: 63388, FP: 4582, FN: 5368

cancer_name: hepatitis
tau: 0.7
threshold: 0.2
TP:,2,1633,0,16,45,20,1,287,6,4,2402,305
TN:,6112,1708,6362,5883,5854,5789,6373,5646,6332,6070,1410,4869
FP:,318,2480,2,55,82,72,10,55,8,26,2187,267
FN:,29,640,97,507,480,580,77,473,115,361,462,1020
Global:
TP: 4721, TN: 62408, FP: 5562, FN: 4841

cancer_name: hepatitis
tau: 0.7
threshold: 0.3
TP:,5,1826,0,23,55,35,1,298,7,5,2506,363
TN:,5879,1241,6362,5861,5846,5732,6372,5641,6331,6061,1173,4792
FP:,551,2947,2,77,90,129,11,60,9,35,2424,344
FN:,26,447,97,500,470,565,77,462,114,360,358,962
Global:
TP: 5124, TN: 61291, FP: 6679, FN: 4438

cancer_name: hepatitis
tau: 0.8
threshold: 0.1
TP:,0,1512,0,13,42,12,2,275,8,3,2198,253
TN:,6335,1893,6362,5886,5869,5817,6371,5650,6331,6070,1867,4931
FP:,95,2295,2,52,67,44,12,51,9,26,1730,205
FN:,31,761,97,510,483,588,76,485,113,362,666,1072
Global:
TP: 4318, TN: 63382, FP: 4588, FN: 5244

cancer_name: hepatitis
tau: 0.8
threshold: 0.2
TP:,1,1769,0,18,45,24,2,284,8,3,2369,299
TN:,6293,1407,6362,5876,5860,5768,6371,5642,6331,6063,1515,4875
FP:,137,2781,2,62,76,93,12,59,9,33,2082,261
FN:,30,504,97,505,480,576,76,476,113,362,495,1026
Global:
TP: 4822, TN: 62363, FP: 5607, FN: 4740

cancer_name: hepatitis
tau: 0.8
threshold: 0.3
TP:,1,1931,0,32,52,41,2,298,8,4,2487,353
TN:,6201,1055,6362,5851,5843,5707,6371,5632,6330,6045,1221,4791
FP:,229,3133,2,87,93,154,12,69,10,51,2376,345
FN:,30,342,97,491,473,559,76,462,113,361,377,972
Global:
TP: 5209, TN: 61409, FP: 6561, FN: 4353

cancer_name: hepatitis
tau: 0.9
threshold: 0.1
TP:,0,1657,0,14,36,17,2,263,7,4,2146,246
TN:,6393,1626,6361,5880,5869,5798,6371,5649,6331,6063,1964,4932
FP:,37,2562,3,58,67,63,12,52,9,33,1633,204
FN:,31,616,97,509,489,583,76,497,114,361,718,1079
Global:
TP: 4392, TN: 63237, FP: 4733, FN: 5170

cancer_name: hepatitis
tau: 0.9
threshold: 0.2
TP:,0,1868,0,21,43,22,2,275,7,5,2348,293
TN:,6383,1210,6361,5861,5863,5752,6370,5639,6329,6049,1586,4883
FP:,47,2978,3,77,73,109,13,62,11,47,2011,253
FN:,31,405,97,502,482,578,76,485,114,360,516,1032
Global:
TP: 4884, TN: 62286, FP: 5684, FN: 4678

cancer_name: hepatitis
tau: 0.9
threshold: 0.3
TP:,0,1996,0,31,50,52,2,292,8,6,2493,350
TN:,6364,906,6361,5842,5851,5677,6369,5629,6328,6028,1222,4795
FP:,66,3282,3,96,85,184,14,72,12,68,2375,341
FN:,31,277,97,492,475,548,76,468,113,359,371,975
Global:
TP: 5280, TN: 61372, FP: 6598, FN: 4282

cancer_name: hepatitis
tau: 1.0
threshold: 0.1
TP:,0,1768,0,17,32,18,2,260,7,3,2045,232
TN:,6406,1375,6362,5878,5875,5794,6373,5642,6332,6064,2092,4957
FP:,24,2813,2,60,61,67,10,59,8,32,1505,179
FN:,31,505,97,506,493,582,76,500,114,362,819,1093
Global:
TP: 4384, TN: 63150, FP: 4820, FN: 5178

cancer_name: hepatitis
tau: 1.0
threshold: 0.2
TP:,0,1937,0,22,37,31,3,268,8,4,2324,274
TN:,6395,1028,6362,5854,5866,5741,6370,5640,6329,6050,1648,4900
FP:,35,3160,2,84,70,120,13,61,11,46,1949,236
FN:,31,336,97,501,488,569,75,492,113,361,540,1051
Global:
TP: 4908, TN: 62183, FP: 5787, FN: 4654

cancer_name: hepatitis
tau: 1.0
threshold: 0.3
TP:,0,2043,0,37,46,56,3,281,8,6,2497,321
TN:,6380,782,6361,5828,5855,5659,6370,5630,6327,6033,1252,4827
FP:,50,3406,3,110,81,202,13,71,13,63,2345,309
FN:,31,230,97,486,479,544,75,479,113,359,367,1004
Global:
TP: 5298, TN: 61304, FP: 6666, FN: 4264

cancer_name: hepatitis
tau: 1.1
threshold: 0.1
TP:,0,1812,0,14,32,21,2,255,8,3,2049,225
TN:,6406,1277,6362,5885,5879,5786,6373,5645,6331,6059,2094,4961
FP:,24,2911,2,53,57,75,10,56,9,37,1503,175
FN:,31,461,97,509,493,579,76,505,113,362,815,1100
Global:
TP: 4421, TN: 63058, FP: 4912, FN: 5141

cancer_name: hepatitis
tau: 1.1
threshold: 0.2
TP:,0,1985,0,19,37,36,4,269,8,5,2349,261
TN:,6397,945,6362,5866,5868,5727,6373,5642,6331,6053,1595,4922
FP:,33,3243,2,72,68,134,10,59,9,43,2002,214
FN:,31,288,97,504,488,564,74,491,113,360,515,1064
Global:
TP: 4973, TN: 62081, FP: 5889, FN: 4589

cancer_name: hepatitis
tau: 1.1
threshold: 0.3
TP:,0,2067,0,29,44,61,4,281,8,5,2517,304
TN:,6382,697,6362,5836,5852,5617,6371,5628,6326,6037,1170,4844
FP:,48,3491,2,102,84,244,12,73,14,59,2427,292
FN:,31,206,97,494,481,539,74,479,113,360,347,1021
Global:
TP: 5320, TN: 61122, FP: 6848, FN: 4242

cancer_name: hepatitis
tau: 1.2
threshold: 0.1
TP:,0,1864,0,11,30,25,3,241,8,4,2023,215
TN:,6409,1173,6363,5885,5881,5769,6374,5643,6329,6055,2124,4971
FP:,21,3015,1,53,55,92,9,58,11,41,1473,165
FN:,31,409,97,512,495,575,75,519,113,361,841,1110
Global:
TP: 4424, TN: 62976, FP: 4994, FN: 5138

cancer_name: hepatitis
tau: 1.2
threshold: 0.2
TP:,0,2018,0,11,37,43,3,266,9,5,2346,248
TN:,6400,843,6363,5876,5869,5697,6374,5640,6329,6046,1582,4929
FP:,30,3345,1,62,67,164,9,61,11,50,2015,207
FN:,31,255,97,512,488,557,75,494,112,360,518,1077
Global:
TP: 4986, TN: 61948, FP: 6022, FN: 4576

cancer_name: hepatitis
tau: 1.2
threshold: 0.3
TP:,0,2094,0,28,41,70,4,283,9,5,2528,294
TN:,6385,630,6362,5849,5859,5587,6374,5633,6327,6025,1124,4874
FP:,45,3558,2,89,77,274,9,68,13,71,2473,262
FN:,31,179,97,495,484,530,74,477,112,360,336,1031
Global:
TP: 5356, TN: 61029, FP: 6941, FN: 4206

cancer_name: hepatitis
tau: 1.3
threshold: 0.1
TP:,0,1865,0,11,30,32,3,241,9,4,2111,215
TN:,6414,1186,6363,5890,5884,5735,6374,5645,6329,6049,1971,4965
FP:,16,3002,1,48,52,126,9,56,11,47,1626,171
FN:,31,408,97,512,495,568,75,519,112,361,753,1110
Global:
TP: 4521, TN: 62805, FP: 5165, FN: 5041

cancer_name: hepatitis
tau: 1.3
threshold: 0.2
TP:,0,2020,0,13,35,50,3,259,9,5,2401,247
TN:,6405,834,6363,5876,5875,5651,6374,5641,6329,6037,1410,4925
FP:,25,3354,1,62,61,210,9,60,11,59,2187,211
FN:,31,253,97,510,490,550,75,501,112,360,463,1078
Global:
TP: 5042, TN: 61720, FP: 6250, FN: 4520

cancer_name: hepatitis
tau: 1.3
threshold: 0.3
TP:,0,2100,0,24,38,91,4,278,9,6,2566,291
TN:,6383,615,6362,5852,5861,5470,6374,5636,6328,6002,1002,4873
FP:,47,3573,2,86,75,391,9,65,12,94,2595,263
FN:,31,173,97,499,487,509,74,482,112,359,298,1034
Global:
TP: 5407, TN: 60758, FP: 7212, FN: 4155

cancer_name: hepatitis
tau: 1.4
threshold: 0.1
TP:,0,1834,0,12,26,47,3,234,9,4,2183,209
TN:,6414,1224,6361,5891,5885,5672,6376,5642,6330,6038,1817,4961
FP:,16,2964,3,47,51,189,7,59,10,58,1780,175
FN:,31,439,97,511,499,553,75,526,112,361,681,1116
Global:
TP: 4561, TN: 62611, FP: 5359, FN: 5001

cancer_name: hepatitis
tau: 1.4
threshold: 0.2
TP:,0,2015,0,17,32,73,3,256,9,6,2454,245
TN:,6410,836,6360,5871,5877,5535,6375,5636,6329,6019,1267,4923
FP:,20,3352,4,67,59,326,8,65,11,77,2330,213
FN:,31,258,97,506,493,527,75,504,112,359,410,1080
Global:
TP: 5110, TN: 61438, FP: 6532, FN: 4452

cancer_name: hepatitis
tau: 1.4
threshold: 0.3
TP:,0,2104,0,26,36,134,4,274,9,9,2594,286
TN:,6385,607,6360,5842,5866,5240,6375,5631,6328,5977,891,4871
FP:,45,3581,4,96,70,621,8,70,12,119,2706,265
FN:,31,169,97,497,489,466,74,486,112,356,270,1039
Global:
TP: 5476, TN: 60373, FP: 7597, FN: 4086

cancer_name: hepatitis
tau: 1.5
threshold: 0.1
TP:,0,1845,0,14,24,64,3,227,9,5,2191,192
TN:,6417,1188,6357,5886,5888,5574,6375,5639,6330,6030,1777,4972
FP:,13,3000,7,52,48,287,8,62,10,66,1820,164
FN:,31,428,97,509,501,536,75,533,112,360,673,1133
Global:
TP: 4574, TN: 62433, FP: 5537, FN: 4988

cancer_name: hepatitis
tau: 1.5
threshold: 0.2
TP:,0,2015,0,20,28,108,3,242,9,6,2481,230
TN:,6410,800,6352,5857,5880,5353,6374,5635,6330,6002,1202,4928
FP:,20,3388,12,81,56,508,9,66,10,94,2395,208
FN:,31,258,97,503,497,492,75,518,112,359,383,1095
Global:
TP: 5142, TN: 61123, FP: 6847, FN: 4420

cancer_name: hepatitis
tau: 1.5
threshold: 0.3
TP:,0,2113,1,35,33,275,4,264,9,20,2601,276
TN:,6397,587,6344,5830,5869,4720,6374,5632,6328,5950,862,4885
FP:,33,3601,20,108,67,1141,9,69,12,146,2735,251
FN:,31,160,96,488,492,325,74,496,112,345,263,1049
Global:
TP: 5631, TN: 59778, FP: 8192, FN: 3931

cancer_name: hepatitis
tau: 1.6
threshold: 0.1
TP:,0,1843,0,17,23,80,3,216,8,6,2201,173
TN:,6420,1166,6343,5876,5890,5447,6374,5642,6331,6009,1753,4984
FP:,10,3022,21,62,46,414,9,59,9,87,1844,152
FN:,31,430,97,506,502,520,75,544,113,359,663,1152
Global:
TP: 4570, TN: 62235, FP: 5735, FN: 4992

cancer_name: hepatitis
tau: 1.6
threshold: 0.2
TP:,0,2012,2,27,29,168,3,234,9,14,2482,221
TN:,6415,784,6333,5848,5883,5096,6374,5639,6330,5971,1149,4932
FP:,15,3404,31,90,53,765,9,62,10,125,2448,204
FN:,31,261,95,496,496,432,75,526,112,351,382,1104
Global:
TP: 5201, TN: 60754, FP: 7216, FN: 4361

cancer_name: hepatitis
tau: 1.6
threshold: 0.3
TP:,0,2109,2,41,29,382,4,260,9,43,2602,270
TN:,6397,577,6317,5798,5874,3982,6374,5634,6328,5896,837,4887
FP:,33,3611,47,140,62,1879,9,67,12,200,2760,249
FN:,31,164,95,482,496,218,74,500,112,322,262,1055
Global:
TP: 5751, TN: 58901, FP: 9069, FN: 3811

cancer_name: hepatitis
tau: 1.7
threshold: 0.1
TP:,0,1869,2,19,22,114,3,209,8,9,2140,163
TN:,6423,1086,6334,5865,5895,5301,6372,5643,6330,5996,1813,5000
FP:,7,3102,30,73,41,560,11,58,10,100,1784,136
FN:,31,404,95,504,503,486,75,551,113,356,724,1162
Global:
TP: 4558, TN: 62058, FP: 5912, FN: 5004

cancer_name: hepatitis
tau: 1.7
threshold: 0.2
TP:,0,2020,2,30,25,283,3,224,8,28,2451,197
TN:,6417,738,6317,5836,5885,4638,6372,5641,6330,5945,1166,4947
FP:,13,3450,47,102,51,1223,11,60,10,151,2431,189
FN:,31,253,95,493,500,317,75,536,113,337,413,1128
Global:
TP: 5271, TN: 60232, FP: 7738, FN: 4291

cancer_name: hepatitis
tau: 1.7
threshold: 0.3
TP:,0,2113,4,54,30,427,4,247,9,71,2595,257
TN:,6404,551,6297,5761,5878,3520,6370,5636,6330,5845,825,4902
FP:,26,3637,67,177,58,2341,13,65,10,251,2772,234
FN:,31,160,93,469,495,173,74,513,112,294,269,1068
Global:
TP: 5811, TN: 58319, FP: 9651, FN: 3751

cancer_name: hepatitis
tau: 1.8
threshold: 0.1
TP:,0,1880,2,21,19,153,3,201,8,10,2066,152
TN:,6421,1030,6318,5853,5902,5105,6371,5643,6330,5996,1907,5016
FP:,9,3158,46,85,34,756,12,58,10,100,1690,120
FN:,31,393,95,502,506,447,75,559,113,355,798,1173
Global:
TP: 4515, TN: 61892, FP: 6078, FN: 5047

cancer_name: hepatitis
tau: 1.8
threshold: 0.2
TP:,0,2031,2,32,24,383,3,213,8,30,2426,183
TN:,6415,704,6299,5816,5893,4091,6370,5642,6330,5944,1194,4965
FP:,15,3484,65,122,43,1770,13,59,10,152,2403,171
FN:,31,242,95,491,501,217,75,547,113,335,438,1142
Global:
TP: 5335, TN: 59663, FP: 8307, FN: 4227

cancer_name: hepatitis
tau: 1.8
threshold: 0.3
TP:,0,2115,5,69,28,449,3,230,8,78,2576,234
TN:,6404,520,6267,5705,5882,3222,6370,5637,6330,5840,837,4912
FP:,26,3668,97,233,54,2639,13,64,10,256,2760,224
FN:,31,158,92,454,497,151,75,530,113,287,288,1091
Global:
TP: 5795, TN: 57926, FP: 10044, FN: 3767

cancer_name: hepatitis
tau: 1.9
threshold: 0.1
TP:,0,1868,3,22,18,225,3,195,6,9,1964,133
TN:,6418,1010,6280,5846,5902,4778,6371,5649,6330,5992,2014,5033
FP:,12,3178,84,92,34,1083,12,52,10,104,1583,103
FN:,31,405,94,501,507,375,75,565,115,356,900,1192
Global:
TP: 4446, TN: 61623, FP: 6347, FN: 5116

cancer_name: hepatitis
tau: 1.9
threshold: 0.2
TP:,0,2026,4,40,21,419,3,204,7,32,2400,173
TN:,6415,708,6245,5789,5898,3629,6370,5642,6330,5944,1201,4978
FP:,15,3480,119,149,38,2232,13,59,10,152,2396,158
FN:,31,247,93,483,504,181,75,556,114,333,464,1152
Global:
TP: 5329, TN: 59149, FP: 8821, FN: 4233

cancer_name: hepatitis
tau: 1.9
threshold: 0.3
TP:,0,2120,6,87,27,470,3,217,8,88,2560,216
TN:,6407,501,6159,5669,5889,2890,6370,5639,6330,5836,859,4928
FP:,23,3687,205,269,47,2971,13,62,10,260,2738,208
FN:,31,153,91,436,498,130,75,543,113,277,304,1109
Global:
TP: 5802, TN: 57477, FP: 10493, FN: 3760

cancer_name: hepatitis
tau: 2.0
threshold: 0.1
TP:,0,1857,6,26,17,311,3,183,5,8,1894,118
TN:,6424,1019,6168,5840,5906,4381,6371,5654,6331,6002,2082,5041
FP:,6,3169,196,98,30,1480,12,47,9,94,1515,95
FN:,31,416,91,497,508,289,75,577,116,357,970,1207
Global:
TP: 4428, TN: 61219, FP: 6751, FN: 5134

cancer_name: hepatitis
tau: 2.0
threshold: 0.2
TP:,0,2008,8,52,21,446,4,195,5,32,2365,152
TN:,6421,724,6043,5763,5901,3354,6370,5646,6331,5954,1222,5001
FP:,9,3464,321,175,35,2507,13,55,9,142,2375,135
FN:,31,265,89,471,504,154,74,565,116,333,499,1173
Global:
TP: 5288, TN: 58730, FP: 9240, FN: 4274

cancer_name: hepatitis
tau: 2.0
threshold: 0.3
TP:,0,2114,15,104,22,481,4,207,7,94,2552,198
TN:,6414,516,5822,5607,5889,2651,6369,5644,6330,5852,875,4947
FP:,16,3672,542,331,47,3210,14,57,10,244,2722,189
FN:,31,159,82,419,503,119,74,553,114,271,312,1127
Global:
TP: 5798, TN: 56916, FP: 11054, FN: 3764

cancer_name: breast
tau: 0.1
threshold: 0.1
TP:,0,1879,0,6,2,31,1,113,8,7,911,164
TN:,6394,941,6362,5833,5922,5842,6383,5677,6328,5832,3369,4885
FP:,36,3247,2,105,14,19,0,24,12,264,228,251
FN:,31,394,97,517,523,569,77,647,113,358,1953,1161
Global:
TP: 3122, TN: 63768, FP: 4202, FN: 6440

cancer_name: breast
tau: 0.1
threshold: 0.2
TP:,0,1957,0,9,3,41,2,130,12,11,1182,240
TN:,6381,737,6360,5792,5918,5835,6382,5669,6324,5732,3166,4755
FP:,49,3451,4,146,18,26,1,32,16,364,431,381
FN:,31,316,97,514,522,559,76,630,109,354,1682,1085
Global:
TP: 3587, TN: 63051, FP: 4919, FN: 5975

cancer_name: breast
tau: 0.1
threshold: 0.3
TP:,0,2036,0,18,4,62,3,147,13,20,1702,367
TN:,6358,594,6360,5694,5912,5813,6381,5661,6324,5562,2466,4431
FP:,72,3594,4,244,24,48,2,40,16,534,1131,705
FN:,31,237,97,505,521,538,75,613,108,345,1162,958
Global:
TP: 4372, TN: 61556, FP: 6414, FN: 5190

cancer_name: breast
tau: 0.2
threshold: 0.1
TP:,1,1578,1,6,18,46,7,197,0,10,2040,202
TN:,6372,1530,6362,5918,5916,5819,6379,5677,6332,5909,1677,4934
FP:,58,2658,2,20,20,42,4,24,8,187,1920,202
FN:,30,695,96,517,507,554,71,563,121,355,824,1123
Global:
TP: 4106, TN: 62825, FP: 5145, FN: 5456

cancer_name: breast
tau: 0.2
threshold: 0.2
TP:,1,1747,1,7,23,56,8,207,0,12,2339,255
TN:,6346,1228,6362,5913,5903,5802,6377,5671,6332,5818,1120,4852
FP:,84,2960,2,25,33,59,6,30,8,278,2477,284
FN:,30,526,96,516,502,544,70,553,121,353,525,1070
Global:
TP: 4656, TN: 61724, FP: 6246, FN: 4906

cancer_name: breast
tau: 0.2
threshold: 0.3
TP:,1,1889,1,14,28,84,11,218,0,20,2525,337
TN:,6298,1006,6361,5896,5896,5779,6374,5665,6332,5720,811,4695
FP:,132,3182,3,42,40,82,9,36,8,376,2786,441
FN:,30,384,96,509,497,516,67,542,121,345,339,988
Global:
TP: 5128, TN: 60833, FP: 7137, FN: 4434

cancer_name: breast
tau: 0.3
threshold: 0.1
TP:,0,1586,0,10,9,49,8,232,0,3,2026,232
TN:,6411,1583,6361,5903,5918,5835,6378,5669,6335,6072,1840,4888
FP:,19,2605,3,35,18,26,5,32,5,24,1757,248
FN:,31,687,97,513,516,551,70,528,121,362,838,1093
Global:
TP: 4155, TN: 63193, FP: 4777, FN: 5407

cancer_name: breast
tau: 0.3
threshold: 0.2
TP:,1,1747,1,15,14,58,9,234,0,3,2345,281
TN:,6403,1284,6360,5896,5913,5822,6376,5667,6333,6059,1228,4809
FP:,27,2904,4,42,23,39,7,34,7,37,2369,327
FN:,30,526,96,508,511,542,69,526,121,362,519,1044
Global:
TP: 4708, TN: 62150, FP: 5820, FN: 4854

cancer_name: breast
tau: 0.3
threshold: 0.3
TP:,1,1894,2,21,18,69,9,241,0,5,2510,375
TN:,6394,1026,6359,5876,5906,5809,6373,5666,6332,6049,907,4634
FP:,36,3162,5,62,30,52,10,35,8,47,2690,502
FN:,30,379,95,502,507,531,69,519,121,360,354,950
Global:
TP: 5145, TN: 61331, FP: 6639, FN: 4417

cancer_name: breast
tau: 0.4
threshold: 0.1
TP:,0,1518,3,18,16,53,2,252,0,3,2164,214
TN:,6422,1724,6354,5905,5909,5828,6375,5660,6333,6072,1601,4931
FP:,8,2464,10,33,27,33,8,41,7,24,1996,205
FN:,31,755,94,505,509,547,76,508,121,362,700,1111
Global:
TP: 4243, TN: 63114, FP: 4856, FN: 5319

cancer_name: breast
tau: 0.4
threshold: 0.2
TP:,0,1702,3,22,18,64,2,261,0,4,2388,261
TN:,6421,1410,6350,5898,5905,5815,6374,5657,6333,6064,1168,4853
FP:,9,2778,14,40,31,46,9,44,7,32,2429,283
FN:,31,571,94,501,507,536,76,499,121,361,476,1064
Global:
TP: 4725, TN: 62248, FP: 5722, FN: 4837

cancer_name: breast
tau: 0.4
threshold: 0.3
TP:,1,1861,5,34,18,73,3,272,0,11,2521,326
TN:,6414,1139,6347,5876,5899,5791,6373,5650,6332,6058,900,4745
FP:,16,3049,17,62,37,70,10,51,8,38,2697,391
FN:,30,412,92,489,507,527,75,488,121,354,343,999
Global:
TP: 5125, TN: 61524, FP: 6446, FN: 4437

cancer_name: breast
tau: 0.5
threshold: 0.1
TP:,0,1379,2,18,23,56,1,267,0,6,2268,221
TN:,6424,1977,6350,5900,5894,5813,6380,5655,6334,6077,1414,4946
FP:,6,2211,14,38,42,48,3,46,6,19,2183,190
FN:,31,894,95,505,502,544,77,493,121,359,596,1104
Global:
TP: 4241, TN: 63164, FP: 4806, FN: 5321

cancer_name: breast
tau: 0.5
threshold: 0.2
TP:,1,1596,3,24,28,69,2,276,0,7,2423,256
TN:,6421,1573,6349,5892,5890,5798,6378,5651,6334,6071,1079,4883
FP:,9,2615,15,46,46,63,5,50,6,25,2518,253
FN:,30,677,94,499,497,531,76,484,121,358,441,1069
Global:
TP: 4685, TN: 62319, FP: 5651, FN: 4877

cancer_name: breast
tau: 0.5
threshold: 0.3
TP:,1,1786,3,30,32,80,2,281,1,8,2529,314
TN:,6419,1266,6343,5874,5884,5767,6377,5642,6332,6068,870,4783
FP:,11,2922,21,64,52,94,6,59,8,28,2727,353
FN:,30,487,94,493,493,520,76,479,120,357,335,1011
Global:
TP: 5067, TN: 61625, FP: 6345, FN: 4495

cancer_name: breast
tau: 0.6
threshold: 0.1
TP:,1,1354,0,13,30,37,1,273,1,8,2285,216
TN:,6422,1999,6359,5894,5889,5825,6380,5656,6336,6071,1458,4940
FP:,8,2189,5,44,47,36,3,45,4,25,2139,196
FN:,30,919,97,510,495,563,77,487,120,357,579,1109
Global:
TP: 4219, TN: 63229, FP: 4741, FN: 5343

cancer_name: breast
tau: 0.6
threshold: 0.2
TP:,1,1588,0,18,33,49,1,279,1,10,2427,254
TN:,6418,1620,6358,5885,5883,5810,6380,5650,6334,6069,1146,4890
FP:,12,2568,6,53,53,51,3,51,6,27,2451,246
FN:,30,685,97,505,492,551,77,481,120,355,437,1071
Global:
TP: 4661, TN: 62443, FP: 5527, FN: 4901

cancer_name: breast
tau: 0.6
threshold: 0.3
TP:,1,1785,0,26,36,61,1,291,1,11,2518,323
TN:,6413,1282,6356,5875,5876,5788,6379,5639,6332,6067,931,4807
FP:,17,2906,8,63,60,73,4,62,8,29,2666,329
FN:,30,488,97,497,489,539,77,469,120,354,346,1002
Global:
TP: 5054, TN: 61745, FP: 6225, FN: 4508

cancer_name: breast
tau: 0.7
threshold: 0.1
TP:,1,1416,0,12,32,13,1,273,1,10,2248,199
TN:,6422,1904,6361,5900,5893,5842,6380,5653,6333,6071,1587,4948
FP:,8,2284,3,38,43,19,3,48,7,25,2010,188
FN:,30,857,97,511,493,587,77,487,120,355,616,1126
Global:
TP: 4206, TN: 63294, FP: 4676, FN: 5356

cancer_name: breast
tau: 0.7
threshold: 0.2
TP:,2,1630,0,16,37,18,1,282,1,11,2415,244
TN:,6418,1552,6361,5895,5883,5832,6380,5650,6330,6067,1252,4905
FP:,12,2636,3,43,53,29,3,51,10,29,2345,231
FN:,29,643,97,507,488,582,77,478,120,354,449,1081
Global:
TP: 4657, TN: 62525, FP: 5445, FN: 4905

cancer_name: breast
tau: 0.7
threshold: 0.3
TP:,2,1825,0,19,42,31,1,294,1,11,2501,303
TN:,6412,1217,6361,5886,5874,5821,6379,5638,6330,6065,1004,4835
FP:,18,2971,3,52,62,40,4,63,10,31,2593,301
FN:,29,448,97,504,483,569,77,466,120,354,363,1022
Global:
TP: 5030, TN: 61822, FP: 6148, FN: 4532

cancer_name: breast
tau: 0.8
threshold: 0.1
TP:,0,1354,0,13,36,11,1,273,3,10,2279,219
TN:,6424,2036,6361,5892,5888,5840,6379,5648,6331,6072,1564,4943
FP:,6,2152,3,46,48,21,4,53,9,24,2033,193
FN:,31,919,97,510,489,589,77,487,118,355,585,1106
Global:
TP: 4199, TN: 63378, FP: 4592, FN: 5363

cancer_name: breast
tau: 0.8
threshold: 0.2
TP:,2,1593,0,14,47,15,1,286,3,13,2426,267
TN:,6418,1637,6360,5883,5882,5830,6379,5638,6330,6071,1245,4885
FP:,12,2551,4,55,54,31,4,63,10,25,2352,251
FN:,29,680,97,509,478,585,77,474,118,352,438,1058
Global:
TP: 4667, TN: 62558, FP: 5412, FN: 4895

cancer_name: breast
tau: 0.8
threshold: 0.3
TP:,2,1801,0,22,55,23,1,295,3,14,2515,314
TN:,6413,1278,6359,5870,5875,5820,6377,5629,6329,6067,1010,4813
FP:,17,2910,5,68,61,41,6,72,11,29,2587,323
FN:,29,472,97,501,470,577,77,465,118,351,349,1011
Global:
TP: 5045, TN: 61840, FP: 6130, FN: 4517

cancer_name: breast
tau: 0.9
threshold: 0.1
TP:,0,1201,0,13,47,6,1,276,5,11,2333,237
TN:,6420,2286,6361,5893,5887,5842,6373,5637,6328,6074,1428,4942
FP:,10,1902,3,45,49,19,10,64,12,22,2169,194
FN:,31,1072,97,510,478,594,77,484,116,354,531,1088
Global:
TP: 4130, TN: 63471, FP: 4499, FN: 5432

cancer_name: breast
tau: 0.9
threshold: 0.2
TP:,0,1491,0,17,53,11,1,283,5,11,2457,278
TN:,6417,1803,6360,5882,5877,5829,6373,5632,6328,6072,1170,4877
FP:,13,2385,4,56,59,32,10,69,12,24,2427,259
FN:,31,782,97,506,472,589,77,477,116,354,407,1047
Global:
TP: 4607, TN: 62620, FP: 5350, FN: 4955

cancer_name: breast
tau: 0.9
threshold: 0.3
TP:,1,1731,0,25,58,20,1,297,5,13,2546,326
TN:,6409,1416,6359,5872,5867,5818,6373,5626,6328,6068,962,4804
FP:,21,2772,5,66,69,43,10,75,12,28,2635,332
FN:,30,542,97,498,467,580,77,463,116,352,318,999
Global:
TP: 5023, TN: 61902, FP: 6068, FN: 4539

cancer_name: breast
tau: 1.0
threshold: 0.1
TP:,0,941,0,16,48,6,0,271,5,10,2359,240
TN:,6419,2883,6361,5893,5875,5840,6375,5640,6328,6074,1384,4932
FP:,11,1305,3,45,61,21,8,61,12,22,2213,204
FN:,31,1332,97,507,477,594,78,489,116,355,505,1085
Global:
TP: 3896, TN: 64004, FP: 3966, FN: 5666

cancer_name: breast
tau: 1.0
threshold: 0.2
TP:,0,1446,0,22,55,8,1,279,6,12,2484,282
TN:,6416,1903,6361,5883,5866,5833,6374,5632,6327,6070,1151,4864
FP:,14,2285,3,55,70,28,9,69,13,26,2446,272
FN:,31,827,97,501,470,592,77,481,115,353,380,1043
Global:
TP: 4595, TN: 62680, FP: 5290, FN: 4967

cancer_name: breast
tau: 1.0
threshold: 0.3
TP:,0,1708,0,27,59,19,1,288,7,15,2551,334
TN:,6408,1494,6361,5866,5853,5817,6372,5624,6323,6064,942,4792
FP:,22,2694,3,72,83,44,11,77,17,32,2655,344
FN:,31,565,97,496,466,581,77,472,114,350,313,991
Global:
TP: 5009, TN: 61916, FP: 6054, FN: 4553

cancer_name: breast
tau: 1.1
threshold: 0.1
TP:,0,821,0,18,49,6,1,263,7,10,2397,241
TN:,6412,3070,6362,5892,5871,5840,6380,5639,6328,6070,1355,4913
FP:,18,1118,2,46,65,21,3,62,12,26,2242,223
FN:,31,1452,97,505,476,594,77,497,114,355,467,1084
Global:
TP: 3813, TN: 64132, FP: 3838, FN: 5749

cancer_name: breast
tau: 1.1
threshold: 0.2
TP:,0,1385,0,21,54,8,1,273,7,10,2493,287
TN:,6410,2001,6361,5880,5863,5833,6378,5632,6324,6065,1128,4856
FP:,20,2187,3,58,73,28,5,69,16,31,2469,280
FN:,31,888,97,502,471,592,77,487,114,355,371,1038
Global:
TP: 4539, TN: 62731, FP: 5239, FN: 5023

cancer_name: breast
tau: 1.1
threshold: 0.3
TP:,0,1678,0,27,59,16,1,283,7,14,2568,332
TN:,6403,1537,6360,5863,5856,5814,6377,5623,6322,6061,925,4786
FP:,27,2651,4,75,80,47,6,78,18,35,2672,350
FN:,31,595,97,496,466,584,77,477,114,351,296,993
Global:
TP: 4985, TN: 61927, FP: 6043, FN: 4577

cancer_name: breast
tau: 1.2
threshold: 0.1
TP:,0,742,0,15,53,5,0,261,7,10,2424,248
TN:,6413,3212,6362,5904,5873,5840,6381,5641,6327,6073,1297,4907
FP:,17,976,2,34,63,21,2,60,13,23,2300,229
FN:,31,1531,97,508,472,595,78,499,114,355,440,1077
Global:
TP: 3765, TN: 64230, FP: 3740, FN: 5797

cancer_name: breast
tau: 1.2
threshold: 0.2
TP:,0,1306,0,18,55,8,1,269,7,10,2515,289
TN:,6408,2130,6361,5896,5862,5833,6380,5637,6325,6065,1083,4850
FP:,22,2058,3,42,74,28,3,64,15,31,2514,286
FN:,31,967,97,505,470,592,77,491,114,355,349,1036
Global:
TP: 4478, TN: 62830, FP: 5140, FN: 5084

cancer_name: breast
tau: 1.2
threshold: 0.3
TP:,0,1634,0,24,63,16,1,284,7,13,2590,333
TN:,6400,1613,6361,5879,5851,5813,6379,5624,6323,6059,895,4783
FP:,30,2575,3,59,85,48,4,77,17,37,2702,353
FN:,31,639,97,499,462,584,77,476,114,352,274,992
Global:
TP: 4965, TN: 61980, FP: 5990, FN: 4597

cancer_name: breast
tau: 1.3
threshold: 0.1
TP:,0,822,0,14,53,8,1,266,7,8,2389,246
TN:,6412,3069,6361,5910,5866,5835,6380,5643,6328,6072,1369,4900
FP:,18,1119,3,28,70,26,3,58,12,24,2228,236
FN:,31,1451,97,509,472,592,77,494,114,357,475,1079
Global:
TP: 3814, TN: 64145, FP: 3825, FN: 5748

cancer_name: breast
tau: 1.3
threshold: 0.2
TP:,0,1399,0,16,58,11,1,276,7,10,2493,288
TN:,6407,1967,6361,5898,5859,5821,6380,5636,6327,6066,1146,4842
FP:,23,2221,3,40,77,40,3,65,13,30,2451,294
FN:,31,874,97,507,467,589,77,484,114,355,371,1037
Global:
TP: 4559, TN: 62710, FP: 5260, FN: 5003

cancer_name: breast
tau: 1.3
threshold: 0.3
TP:,1,1714,0,20,67,20,2,285,7,13,2578,341
TN:,6397,1471,6361,5885,5843,5791,6377,5631,6326,6059,940,4777
FP:,33,2717,3,53,93,70,6,70,14,37,2657,359
FN:,30,559,97,503,458,580,76,475,114,352,286,984
Global:
TP: 5048, TN: 61858, FP: 6112, FN: 4514

cancer_name: breast
tau: 1.4
threshold: 0.1
TP:,0,915,0,12,53,10,2,268,6,6,2357,251
TN:,6410,2918,6360,5911,5865,5829,6377,5646,6328,6073,1446,4893
FP:,20,1270,4,27,71,32,6,55,12,23,2151,243
FN:,31,1358,97,511,472,590,76,492,115,359,507,1074
Global:
TP: 3880, TN: 64056, FP: 3914, FN: 5682

cancer_name: breast
tau: 1.4
threshold: 0.2
TP:,0,1482,0,16,56,15,2,277,6,8,2470,290
TN:,6399,1861,6360,5902,5855,5804,6376,5637,6327,6067,1205,4837
FP:,31,2327,4,36,81,57,7,64,13,29,2392,299
FN:,31,791,97,507,469,585,76,483,115,357,394,1035
Global:
TP: 4622, TN: 62630, FP: 5340, FN: 4940

cancer_name: breast
tau: 1.4
threshold: 0.3
TP:,1,1764,0,20,70,23,2,287,6,11,2560,342
TN:,6388,1350,6356,5892,5840,5770,6375,5626,6325,6063,968,4772
FP:,42,2838,8,46,96,91,8,75,15,33,2629,364
FN:,30,509,97,503,455,577,76,473,115,354,304,983
Global:
TP: 5086, TN: 61725, FP: 6245, FN: 4476

cancer_name: breast
tau: 1.5
threshold: 0.1
TP:,0,1015,0,11,52,14,2,270,6,5,2340,251
TN:,6403,2707,6356,5909,5862,5809,6377,5641,6328,6074,1495,4896
FP:,27,1481,8,29,74,52,6,60,12,22,2102,240
FN:,31,1258,97,512,473,586,76,490,115,360,524,1074
Global:
TP: 3966, TN: 63857, FP: 4113, FN: 5596

cancer_name: breast
tau: 1.5
threshold: 0.2
TP:,0,1557,0,17,59,20,2,282,6,6,2457,292
TN:,6395,1768,6353,5902,5848,5781,6376,5637,6325,6070,1244,4839
FP:,35,2420,11,36,88,80,7,64,15,26,2353,297
FN:,31,716,97,506,466,580,76,478,115,359,407,1033
Global:
TP: 4698, TN: 62538, FP: 5432, FN: 4864

cancer_name: breast
tau: 1.5
threshold: 0.3
TP:,2,1812,0,22,66,32,2,292,6,9,2557,339
TN:,6378,1276,6349,5882,5834,5734,6376,5628,6322,6063,999,4768
FP:,52,2912,15,56,102,127,7,73,18,33,2598,368
FN:,29,461,97,501,459,568,76,468,115,356,307,986
Global:
TP: 5139, TN: 61609, FP: 6361, FN: 4423

cancer_name: breast
tau: 1.6
threshold: 0.1
TP:,0,1142,0,11,51,8,2,266,6,5,2329,250
TN:,6398,2456,6349,5906,5861,5833,6376,5644,6324,6076,1531,4904
FP:,32,1732,15,32,75,28,7,57,16,20,2066,232
FN:,31,1131,97,512,474,592,76,494,115,360,535,1075
Global:
TP: 4070, TN: 63658, FP: 4312, FN: 5492

cancer_name: breast
tau: 1.6
threshold: 0.2
TP:,0,1624,0,19,58,13,2,278,6,5,2463,287
TN:,6391,1666,6344,5898,5849,5815,6375,5636,6324,6072,1271,4845
FP:,39,2522,20,40,87,46,8,65,16,24,2326,291
FN:,31,649,97,504,467,587,76,482,115,360,401,1038
Global:
TP: 4755, TN: 62486, FP: 5484, FN: 4807

cancer_name: breast
tau: 1.6
threshold: 0.3
TP:,1,1862,0,23,63,19,2,292,6,7,2561,342
TN:,6381,1200,6340,5879,5827,5783,6375,5627,6322,6064,1007,4767
FP:,49,2988,24,59,109,78,8,74,18,32,2590,369
FN:,30,411,97,500,462,581,76,468,115,358,303,983
Global:
TP: 5178, TN: 61572, FP: 6398, FN: 4384

cancer_name: breast
tau: 1.7
threshold: 0.1
TP:,0,1341,0,12,47,3,2,264,6,3,2313,238
TN:,6398,2081,6352,5903,5864,5844,6378,5641,6324,6081,1599,4920
FP:,32,2107,12,35,72,17,5,60,16,15,1998,216
FN:,31,932,97,511,478,597,76,496,115,362,551,1087
Global:
TP: 4229, TN: 63385, FP: 4585, FN: 5333

cancer_name: breast
tau: 1.7
threshold: 0.2
TP:,1,1690,0,16,53,8,2,273,6,5,2461,281
TN:,6391,1515,6347,5895,5851,5835,6376,5638,6323,6078,1307,4855
FP:,39,2673,17,43,85,26,7,63,17,18,2290,281
FN:,30,583,97,507,472,592,76,487,115,360,403,1044
Global:
TP: 4796, TN: 62411, FP: 5559, FN: 4766

cancer_name: breast
tau: 1.7
threshold: 0.3
TP:,1,1897,0,22,63,13,2,286,7,5,2558,335
TN:,6378,1101,6343,5875,5833,5812,6375,5631,6323,6069,1024,4781
FP:,52,3087,21,63,103,49,8,70,17,27,2573,355
FN:,30,376,97,501,462,587,76,474,114,360,306,990
Global:
TP: 5189, TN: 61545, FP: 6425, FN: 4373

cancer_name: breast
tau: 1.8
threshold: 0.1
TP:,1,1504,0,11,44,3,1,260,6,1,2265,233
TN:,6399,1867,6353,5904,5866,5850,6378,5641,6325,6082,1703,4927
FP:,31,2321,11,34,70,11,5,60,15,14,1894,209
FN:,30,769,97,512,481,597,77,500,115,364,599,1092
Global:
TP: 4329, TN: 63295, FP: 4675, FN: 5233

cancer_name: breast
tau: 1.8
threshold: 0.2
TP:,1,1774,0,13,53,3,2,271,6,3,2437,277
TN:,6387,1355,6350,5893,5854,5840,6377,5638,6324,6078,1385,4871
FP:,43,2833,14,45,82,21,6,63,16,18,2212,265
FN:,30,499,97,510,472,597,76,489,115,362,427,1048
Global:
TP: 4840, TN: 62352, FP: 5618, FN: 4722

cancer_name: breast
tau: 1.8
threshold: 0.3
TP:,1,1947,0,21,60,10,2,282,7,5,2545,329
TN:,6374,991,6345,5879,5843,5827,6375,5628,6323,6072,1086,4790
FP:,56,3197,19,59,93,34,8,73,17,24,2511,346
FN:,30,326,97,502,465,590,76,478,114,360,319,996
Global:
TP: 5209, TN: 61533, FP: 6437, FN: 4353

cancer_name: breast
tau: 1.9
threshold: 0.1
TP:,1,1555,0,10,42,3,1,256,6,1,2259,239
TN:,6397,1786,6352,5909,5868,5850,6377,5638,6325,6085,1736,4922
FP:,33,2402,12,29,68,11,6,63,15,11,1861,214
FN:,30,718,97,513,483,597,77,504,115,364,605,1086
Global:
TP: 4373, TN: 63245, FP: 4725, FN: 5189

cancer_name: breast
tau: 1.9
threshold: 0.2
TP:,1,1816,0,12,51,3,1,271,7,1,2429,279
TN:,6381,1286,6349,5893,5856,5845,6376,5634,6324,6080,1388,4867
FP:,49,2902,15,45,80,16,7,67,16,16,2209,269
FN:,30,457,97,511,474,597,77,489,114,364,435,1046
Global:
TP: 4871, TN: 62279, FP: 5691, FN: 4691

cancer_name: breast
tau: 1.9
threshold: 0.3
TP:,1,1975,0,21,56,8,2,285,7,2,2535,337
TN:,6369,943,6345,5882,5848,5827,6375,5631,6324,6076,1092,4787
FP:,61,3245,19,56,88,34,8,70,16,20,2505,349
FN:,30,298,97,502,469,592,76,475,114,363,329,988
Global:
TP: 5229, TN: 61499, FP: 6471, FN: 4333

cancer_name: breast
tau: 2.0
threshold: 0.1
TP:,1,1521,0,11,44,3,1,258,6,0,2291,237
TN:,6392,1859,6351,5908,5867,5850,6377,5638,6326,6085,1678,4921
FP:,38,2329,13,30,69,11,6,63,14,11,1919,215
FN:,30,752,97,512,481,597,77,502,115,365,573,1088
Global:
TP: 4373, TN: 63252, FP: 4718, FN: 5189

cancer_name: breast
tau: 2.0
threshold: 0.2
TP:,1,1801,0,13,49,3,1,274,7,1,2445,282
TN:,6380,1305,6349,5897,5861,5845,6376,5635,6325,6081,1349,4863
FP:,50,2883,15,41,75,16,7,66,15,15,2248,273
FN:,30,472,97,510,476,597,77,486,114,364,419,1043
Global:
TP: 4877, TN: 62266, FP: 5704, FN: 4685

cancer_name: breast
tau: 2.0
threshold: 0.3
TP:,1,1965,0,21,58,6,2,285,7,2,2548,337
TN:,6360,943,6345,5883,5848,5829,6375,5632,6324,6074,1043,4780
FP:,70,3245,19,55,88,32,8,69,16,22,2554,356
FN:,30,308,97,502,467,594,76,475,114,363,316,988
Global:
TP: 5232, TN: 61436, FP: 6534, FN: 4330

cancer_name: leukemia
tau: 0.1
threshold: 0.1
TP:,0,1406,2,5,27,29,4,181,4,0,2370,198
TN:,6358,1837,6357,5917,5907,5848,6379,5679,6337,6061,1069,4945
FP:,72,2351,7,21,29,13,4,22,3,35,2528,191
FN:,31,867,95,518,498,571,74,579,117,365,494,1127
Global:
TP: 4226, TN: 62694, FP: 5276, FN: 5336

cancer_name: leukemia
tau: 0.1
threshold: 0.2
TP:,0,1652,3,6,31,37,4,193,4,2,2510,242
TN:,6325,1394,6355,5911,5900,5843,6379,5674,6334,6035,823,4866
FP:,105,2794,9,27,36,18,4,27,6,61,2774,270
FN:,31,621,94,517,494,563,74,567,117,363,354,1083
Global:
TP: 4684, TN: 61839, FP: 6131, FN: 4878

cancer_name: leukemia
tau: 0.1
threshold: 0.3
TP:,1,1847,3,7,38,46,5,203,5,6,2619,313
TN:,6286,1081,6355,5900,5892,5833,6378,5668,6333,5992,626,4707
FP:,144,3107,9,38,44,28,5,33,7,104,2971,429
FN:,30,426,94,516,487,554,73,557,116,359,245,1012
Global:
TP: 5093, TN: 61051, FP: 6919, FN: 4469

cancer_name: leukemia
tau: 0.2
threshold: 0.1
TP:,1,1475,0,4,33,35,5,226,4,4,2246,200
TN:,6356,1727,6352,5924,5894,5848,6376,5671,6334,6063,1410,4934
FP:,74,2461,12,14,42,13,7,30,6,33,2187,202
FN:,30,798,97,519,492,565,73,534,117,361,618,1125
Global:
TP: 4233, TN: 62889, FP: 5081, FN: 5329

cancer_name: leukemia
tau: 0.2
threshold: 0.2
TP:,1,1697,0,6,39,45,5,236,5,6,2415,246
TN:,6319,1390,6349,5921,5888,5843,6375,5668,6333,6050,1050,4854
FP:,111,2798,15,17,48,18,8,33,7,46,2547,282
FN:,30,576,97,517,486,555,73,524,116,359,449,1079
Global:
TP: 4701, TN: 62040, FP: 5930, FN: 4861

cancer_name: leukemia
tau: 0.2
threshold: 0.3
TP:,2,1868,0,7,47,59,5,246,5,8,2536,311
TN:,6263,1084,6348,5909,5877,5829,6373,5663,6333,6032,799,4726
FP:,167,3104,16,29,59,32,10,38,7,64,2798,410
FN:,29,405,97,516,478,541,73,514,116,357,328,1014
Global:
TP: 5094, TN: 61236, FP: 6734, FN: 4468

cancer_name: leukemia
tau: 0.3
threshold: 0.1
TP:,2,644,0,5,28,26,2,252,4,2,2450,207
TN:,6304,3349,6348,5925,5892,5844,6380,5657,6333,6078,1016,4911
FP:,126,839,16,13,44,17,3,44,7,18,2581,225
FN:,29,1629,97,518,497,574,76,508,117,363,414,1118
Global:
TP: 3622, TN: 64037, FP: 3933, FN: 5940

cancer_name: leukemia
tau: 0.3
threshold: 0.2
TP:,2,1266,0,7,32,34,2,258,4,3,2545,255
TN:,6253,2102,6343,5917,5882,5836,6378,5652,6333,6073,860,4852
FP:,177,2086,21,21,54,25,5,49,7,23,2737,284
FN:,29,1007,97,516,493,566,76,502,117,362,319,1070
Global:
TP: 4408, TN: 62481, FP: 5489, FN: 5154

cancer_name: leukemia
tau: 0.3
threshold: 0.3
TP:,3,1577,1,12,38,52,2,272,4,4,2615,319
TN:,6144,1583,6340,5909,5867,5817,6376,5643,6332,6069,704,4774
FP:,286,2605,24,29,69,44,7,58,8,27,2893,362
FN:,28,696,96,511,487,548,76,488,117,361,249,1006
Global:
TP: 4899, TN: 61558, FP: 6412, FN: 4663

cancer_name: leukemia
tau: 0.4
threshold: 0.1
TP:,2,750,0,9,40,25,2,274,6,6,2412,231
TN:,6354,3177,6361,5915,5871,5825,6378,5651,6334,6070,1207,4894
FP:,76,1011,3,23,65,36,5,50,6,26,2390,242
FN:,29,1523,97,514,485,575,76,486,115,359,452,1094
Global:
TP: 3757, TN: 64037, FP: 3933, FN: 5805

cancer_name: leukemia
tau: 0.4
threshold: 0.2
TP:,2,1333,0,11,42,39,2,286,6,7,2509,281
TN:,6317,2017,6361,5906,5861,5811,6377,5643,6333,6065,1001,4837
FP:,113,2171,3,32,75,50,6,58,7,31,2596,299
FN:,29,940,97,512,483,561,76,474,115,358,355,1044
Global:
TP: 4518, TN: 62529, FP: 5441, FN: 5044

cancer_name: leukemia
tau: 0.4
threshold: 0.3
TP:,2,1606,0,16,49,59,2,298,7,7,2579,351
TN:,6256,1581,6361,5902,5845,5787,6377,5641,6331,6061,825,4750
FP:,174,2607,3,36,91,74,6,60,9,35,2772,386
FN:,29,667,97,507,476,541,76,462,114,358,285,974
Global:
TP: 4976, TN: 61717, FP: 6253, FN: 4586

cancer_name: leukemia
tau: 0.5
threshold: 0.1
TP:,2,839,0,8,47,19,0,279,9,5,2384,239
TN:,6398,3054,6361,5910,5866,5818,6379,5646,6331,6065,1352,4911
FP:,32,1134,3,28,70,43,4,55,9,31,2245,225
FN:,29,1434,97,515,478,581,78,481,112,360,480,1086
Global:
TP: 3831, TN: 64091, FP: 3879, FN: 5731

cancer_name: leukemia
tau: 0.5
threshold: 0.2
TP:,2,1409,0,9,51,29,0,292,9,6,2473,289
TN:,6378,1950,6361,5901,5856,5804,6378,5641,6330,6062,1109,4852
FP:,52,2238,3,37,80,57,5,60,10,34,2488,284
FN:,29,864,97,514,474,571,78,468,112,359,391,1036
Global:
TP: 4569, TN: 62622, FP: 5348, FN: 4993

cancer_name: leukemia
tau: 0.5
threshold: 0.3
TP:,2,1684,0,16,59,47,0,296,10,8,2553,355
TN:,6339,1527,6361,5890,5845,5769,6378,5633,6328,6057,917,4767
FP:,91,2661,3,48,91,92,5,68,12,39,2680,369
FN:,29,589,97,507,466,553,78,464,111,357,311,970
Global:
TP: 5030, TN: 61811, FP: 6159, FN: 4532

cancer_name: leukemia
tau: 0.6
threshold: 0.1
TP:,3,1375,0,12,55,20,0,278,9,4,2215,238
TN:,6242,2033,6361,5911,5865,5807,6380,5649,6333,6065,1726,4928
FP:,188,2155,3,27,71,54,3,52,7,31,1871,208
FN:,28,898,97,511,470,580,78,482,112,361,649,1087
Global:
TP: 4209, TN: 63300, FP: 4670, FN: 5353

cancer_name: leukemia
tau: 0.6
threshold: 0.2
TP:,3,1631,0,14,61,32,0,286,10,4,2363,291
TN:,6145,1635,6360,5904,5858,5779,6380,5643,6333,6062,1423,4879
FP:,285,2553,4,34,78,82,3,58,7,34,2174,257
FN:,28,642,97,509,464,568,78,474,111,361,501,1034
Global:
TP: 4695, TN: 62401, FP: 5569, FN: 4867

cancer_name: leukemia
tau: 0.6
threshold: 0.3
TP:,4,1830,0,19,71,51,0,295,11,5,2482,346
TN:,5993,1232,6360,5890,5850,5732,6379,5636,6330,6055,1137,4794
FP:,437,2956,4,48,86,129,4,65,10,41,2460,342
FN:,27,443,97,504,454,549,78,465,110,360,382,979
Global:
TP: 5114, TN: 61388, FP: 6582, FN: 4448

cancer_name: leukemia
tau: 0.7
threshold: 0.1
TP:,1,1490,0,15,64,27,0,272,9,3,2144,234
TN:,6213,1914,6360,5907,5870,5784,6380,5655,6332,6062,1900,4944
FP:,217,2274,4,31,66,77,3,46,8,34,1697,192
FN:,30,783,97,508,461,573,78,488,112,362,720,1091
Global:
TP: 4259, TN: 63321, FP: 4649, FN: 5303

cancer_name: leukemia
tau: 0.7
threshold: 0.2
TP:,3,1723,0,18,76,38,0,280,10,3,2317,283
TN:,6116,1445,6360,5897,5861,5747,6380,5641,6332,6060,1552,4891
FP:,314,2743,4,41,75,114,3,60,8,36,2045,245
FN:,28,550,97,505,449,562,78,480,111,362,547,1042
Global:
TP: 4751, TN: 62282, FP: 5688, FN: 4811

cancer_name: leukemia
tau: 0.7
threshold: 0.3
TP:,4,1879,0,26,84,67,0,292,11,6,2457,342
TN:,5898,1118,6360,5885,5853,5669,6380,5635,6331,6054,1240,4802
FP:,532,3070,4,53,83,192,3,66,9,42,2357,334
FN:,27,394,97,497,441,533,78,468,110,359,407,983
Global:
TP: 5168, TN: 61225, FP: 6745, FN: 4394

cancer_name: leukemia
tau: 0.8
threshold: 0.1
TP:,0,1571,0,17,65,37,0,268,9,4,2130,231
TN:,6370,1802,6360,5896,5863,5748,6377,5653,6331,6060,1968,4950
FP:,60,2386,4,42,73,113,6,48,9,36,1629,186
FN:,31,702,97,506,460,563,78,492,112,361,734,1094
Global:
TP: 4332, TN: 63378, FP: 4592, FN: 5230

cancer_name: leukemia
tau: 0.8
threshold: 0.2
TP:,1,1777,0,21,76,62,0,279,10,4,2307,279
TN:,6340,1335,6360,5877,5857,5681,6376,5648,6330,6052,1595,4898
FP:,90,2853,4,61,79,180,7,53,10,44,2002,238
FN:,30,496,97,502,449,538,78,481,111,361,557,1046
Global:
TP: 4816, TN: 62349, FP: 5621, FN: 4746

cancer_name: leukemia
tau: 0.8
threshold: 0.3
TP:,1,1915,0,27,85,94,0,292,10,5,2453,342
TN:,6281,1031,6360,5865,5846,5572,6375,5634,6326,6045,1248,4807
FP:,149,3157,4,73,90,289,8,67,14,51,2349,329
FN:,30,358,97,496,440,506,78,468,111,360,411,983
Global:
TP: 5224, TN: 61390, FP: 6580, FN: 4338

cancer_name: leukemia
tau: 0.9
threshold: 0.1
TP:,0,1650,0,14,62,55,0,265,9,4,2067,213
TN:,6403,1607,6362,5899,5872,5701,6376,5648,6332,6048,2059,4962
FP:,27,2581,2,39,64,160,7,53,8,48,1538,174
FN:,31,623,97,509,463,545,78,495,112,361,797,1112
Global:
TP: 4339, TN: 63269, FP: 4701, FN: 5223

cancer_name: leukemia
tau: 0.9
threshold: 0.2
TP:,0,1827,0,16,68,78,0,277,9,4,2303,268
TN:,6391,1223,6362,5891,5863,5610,6374,5645,6331,6042,1635,4918
FP:,39,2965,2,47,73,251,9,56,9,54,1962,218
FN:,31,446,97,507,457,522,78,483,112,361,561,1057
Global:
TP: 4850, TN: 62285, FP: 5685, FN: 4712

cancer_name: leukemia
tau: 0.9
threshold: 0.3
TP:,0,1974,0,20,82,128,0,293,11,5,2456,323
TN:,6375,913,6362,5872,5851,5464,6372,5641,6326,6034,1256,4835
FP:,55,3275,2,66,85,397,11,60,14,62,2341,301
FN:,31,299,97,503,443,472,78,467,110,360,408,1002
Global:
TP: 5292, TN: 61301, FP: 6669, FN: 4270

cancer_name: leukemia
tau: 1.0
threshold: 0.1
TP:,0,1588,0,14,60,92,0,263,9,4,2110,236
TN:,6417,1712,6362,5897,5872,5532,6373,5646,6329,6055,1957,4956
FP:,13,2476,2,41,64,329,10,55,11,41,1640,180
FN:,31,685,97,509,465,508,78,497,112,361,754,1089
Global:
TP: 4376, TN: 63108, FP: 4862, FN: 5186

cancer_name: leukemia
tau: 1.0
threshold: 0.2
TP:,0,1800,0,18,68,155,0,276,10,5,2319,273
TN:,6410,1289,6362,5885,5864,5360,6373,5640,6329,6045,1555,4907
FP:,20,2899,2,53,72,501,10,61,11,51,2042,229
FN:,31,473,97,505,457,445,78,484,111,360,545,1052
Global:
TP: 4924, TN: 62019, FP: 5951, FN: 4638

cancer_name: leukemia
tau: 1.0
threshold: 0.3
TP:,0,1952,0,21,76,266,0,286,11,6,2479,328
TN:,6400,946,6362,5874,5850,4928,6372,5634,6325,6039,1184,4820
FP:,30,3242,2,64,86,933,11,67,15,57,2413,316
FN:,31,321,97,502,449,334,78,474,110,359,385,997
Global:
TP: 5425, TN: 60734, FP: 7236, FN: 4137

cancer_name: leukemia
tau: 1.1
threshold: 0.1
TP:,0,1448,0,16,56,179,0,262,10,5,2111,252
TN:,6419,1962,6362,5888,5872,5227,6372,5646,6329,6060,1853,4941
FP:,11,2226,2,50,64,634,11,55,11,36,1744,195
FN:,31,825,97,507,469,421,78,498,111,360,753,1073
Global:
TP: 4339, TN: 62931, FP: 5039, FN: 5223

cancer_name: leukemia
tau: 1.1
threshold: 0.2
TP:,0,1722,0,19,64,303,0,274,11,5,2341,288
TN:,6417,1451,6362,5878,5862,4686,6372,5642,6329,6052,1444,4883
FP:,13,2737,2,60,74,1175,11,59,11,44,2153,253
FN:,31,551,97,504,461,297,78,486,110,360,523,1037
Global:
TP: 5027, TN: 61378, FP: 6592, FN: 4535

cancer_name: leukemia
tau: 1.1
threshold: 0.3
TP:,0,1905,0,26,76,378,1,286,11,6,2502,345
TN:,6412,1052,6362,5860,5852,3991,6371,5632,6326,6043,1069,4802
FP:,18,3136,2,78,84,1870,12,69,14,53,2528,334
FN:,31,368,97,497,449,222,77,474,110,359,362,980
Global:
TP: 5536, TN: 59772, FP: 8198, FN: 4026

cancer_name: leukemia
tau: 1.2
threshold: 0.1
TP:,0,1368,0,17,50,227,1,263,10,5,2156,250
TN:,6423,2062,6362,5878,5873,5044,6372,5645,6330,6062,1769,4938
FP:,7,2126,2,60,63,817,11,56,10,34,1828,198
FN:,31,905,97,506,475,373,77,497,111,360,708,1075
Global:
TP: 4347, TN: 62758, FP: 5212, FN: 5215

cancer_name: leukemia
tau: 1.2
threshold: 0.2
TP:,0,1706,0,23,60,338,1,275,11,5,2376,287
TN:,6419,1476,6362,5866,5861,4320,6371,5638,6329,6055,1341,4881
FP:,11,2712,2,72,75,1541,12,63,11,41,2256,255
FN:,31,567,97,500,465,262,77,485,110,360,488,1038
Global:
TP: 5082, TN: 60919, FP: 7051, FN: 4480

cancer_name: leukemia
tau: 1.2
threshold: 0.3
TP:,0,1897,0,31,68,408,1,288,11,5,2523,339
TN:,6416,1050,6362,5838,5850,3679,6371,5632,6325,6046,1007,4813
FP:,14,3138,2,100,86,2182,12,69,15,50,2590,323
FN:,31,376,97,492,457,192,77,472,110,360,341,986
Global:
TP: 5571, TN: 59389, FP: 8581, FN: 3991

cancer_name: leukemia
tau: 1.3
threshold: 0.1
TP:,0,1204,0,21,49,190,1,260,9,4,2224,243
TN:,6423,2417,6362,5869,5871,5142,6373,5643,6331,6070,1662,4934
FP:,7,1771,2,69,65,719,10,58,9,26,1935,202
FN:,31,1069,97,502,476,410,77,500,112,361,640,1082
Global:
TP: 4205, TN: 63097, FP: 4873, FN: 5357

cancer_name: leukemia
tau: 1.3
threshold: 0.2
TP:,0,1730,0,28,54,328,1,272,10,4,2421,285
TN:,6421,1414,6360,5850,5867,4415,6372,5636,6328,6064,1223,4891
FP:,9,2774,4,88,69,1446,11,65,12,32,2374,245
FN:,31,543,97,495,471,272,77,488,111,361,443,1040
Global:
TP: 5133, TN: 60841, FP: 7129, FN: 4429

cancer_name: leukemia
tau: 1.3
threshold: 0.3
TP:,0,1929,0,46,64,410,1,283,10,5,2550,334
TN:,6418,974,6356,5810,5847,3653,6372,5631,6326,6053,923,4823
FP:,12,3214,8,128,89,2208,11,70,14,43,2674,313
FN:,31,344,97,477,461,190,77,477,111,360,314,991
Global:
TP: 5632, TN: 59186, FP: 8784, FN: 3930

cancer_name: leukemia
tau: 1.4
threshold: 0.1
TP:,0,1159,0,25,49,188,1,248,9,4,2251,243
TN:,6423,2538,6350,5863,5873,5108,6374,5646,6331,6075,1564,4937
FP:,7,1650,14,75,63,753,9,55,9,21,2033,199
FN:,31,1114,97,498,476,412,77,512,112,361,613,1082
Global:
TP: 4177, TN: 63082, FP: 4888, FN: 5385

cancer_name: leukemia
tau: 1.4
threshold: 0.2
TP:,0,1749,0,29,53,341,1,265,9,4,2443,287
TN:,6421,1362,6339,5844,5862,4268,6372,5637,6329,6070,1136,4892
FP:,9,2826,25,94,74,1593,11,64,11,26,2461,244
FN:,31,524,97,494,472,259,77,495,112,361,421,1038
Global:
TP: 5181, TN: 60532, FP: 7438, FN: 4381

cancer_name: leukemia
tau: 1.4
threshold: 0.3
TP:,0,1943,0,50,57,422,1,286,10,4,2574,334
TN:,6420,919,6333,5793,5849,3520,6372,5634,6327,6061,888,4816
FP:,10,3269,31,145,87,2341,11,67,13,35,2709,320
FN:,31,330,97,473,468,178,77,474,111,361,290,991
Global:
TP: 5681, TN: 58932, FP: 9038, FN: 3881

cancer_name: leukemia
tau: 1.5
threshold: 0.1
TP:,0,1174,0,24,45,225,1,234,8,3,2249,246
TN:,6424,2484,6337,5860,5877,4948,6374,5647,6330,6077,1524,4947
FP:,6,1704,27,78,59,913,9,54,10,19,2073,189
FN:,31,1099,97,499,480,375,77,526,113,362,615,1079
Global:
TP: 4209, TN: 62829, FP: 5141, FN: 5353

cancer_name: leukemia
tau: 1.5
threshold: 0.2
TP:,0,1783,0,35,51,375,1,259,9,4,2431,284
TN:,6421,1282,6331,5834,5866,3985,6374,5641,6329,6072,1115,4894
FP:,9,2906,33,104,70,1876,9,60,11,24,2482,242
FN:,31,490,97,488,474,225,77,501,112,361,433,1041
Global:
TP: 5232, TN: 60144, FP: 7826, FN: 4330

cancer_name: leukemia
tau: 1.5
threshold: 0.3
TP:,0,1966,0,56,54,441,1,280,10,4,2569,324
TN:,6420,880,6308,5784,5853,3290,6373,5636,6327,6064,863,4825
FP:,10,3308,56,154,83,2571,10,65,13,32,2734,311
FN:,31,307,97,467,471,159,77,480,111,361,295,1001
Global:
TP: 5705, TN: 58623, FP: 9347, FN: 3857

cancer_name: leukemia
tau: 1.6
threshold: 0.1
TP:,0,1215,0,27,41,267,1,223,8,3,2234,232
TN:,6423,2326,6333,5852,5880,4767,6374,5651,6331,6076,1484,4952
FP:,7,1862,31,86,56,1094,9,50,9,20,2113,184
FN:,31,1058,97,496,484,333,77,537,113,362,630,1093
Global:
TP: 4251, TN: 62449, FP: 5521, FN: 5311

cancer_name: leukemia
tau: 1.6
threshold: 0.2
TP:,0,1799,0,39,48,401,1,243,8,3,2430,274
TN:,6421,1211,6312,5819,5871,3759,6374,5647,6330,6070,1091,4914
FP:,9,2977,52,119,65,2102,9,54,10,26,2506,222
FN:,31,474,97,484,477,199,77,517,113,362,434,1051
Global:
TP: 5246, TN: 59819, FP: 8151, FN: 4316

cancer_name: leukemia
tau: 1.6
threshold: 0.3
TP:,0,1999,0,65,51,459,1,269,10,4,2570,317
TN:,6418,839,6285,5764,5858,3072,6374,5639,6328,6062,838,4838
FP:,12,3349,79,174,78,2789,9,62,12,34,2759,298
FN:,31,274,97,458,474,141,77,491,111,361,294,1008
Global:
TP: 5745, TN: 58315, FP: 9655, FN: 3817

cancer_name: leukemia
tau: 1.7
threshold: 0.1
TP:,0,1330,1,32,35,304,1,209,7,3,2223,225
TN:,6421,2141,6309,5850,5886,4539,6374,5653,6332,6076,1486,4954
FP:,9,2047,55,88,50,1322,9,48,8,20,2111,182
FN:,31,943,96,491,490,296,77,551,114,362,641,1100
Global:
TP: 4370, TN: 62021, FP: 5949, FN: 5192

cancer_name: leukemia
tau: 1.7
threshold: 0.2
TP:,0,1827,2,45,44,415,1,231,7,3,2424,262
TN:,6418,1107,6294,5811,5872,3571,6374,5651,6330,6068,1076,4915
FP:,12,3081,70,127,64,2290,9,50,10,28,2521,221
FN:,31,446,95,478,481,185,77,529,114,362,440,1063
Global:
TP: 5261, TN: 59487, FP: 8483, FN: 4301

cancer_name: leukemia
tau: 1.7
threshold: 0.3
TP:,0,2015,6,78,48,466,2,252,8,4,2565,308
TN:,6415,796,6245,5738,5863,2898,6374,5647,6329,6060,832,4845
FP:,15,3392,119,200,73,2963,9,54,11,36,2765,291
FN:,31,258,91,445,477,134,76,508,113,361,299,1017
Global:
TP: 5752, TN: 58042, FP: 9928, FN: 3810

cancer_name: leukemia
tau: 1.8
threshold: 0.1
TP:,0,1617,3,36,32,356,1,200,7,1,2153,207
TN:,6421,1517,6285,5837,5887,4182,6374,5655,6332,6077,1688,4960
FP:,9,2671,79,101,49,1679,9,46,8,19,1909,176
FN:,31,656,94,487,493,244,77,560,114,364,711,1118
Global:
TP: 4613, TN: 61215, FP: 6755, FN: 4949

cancer_name: leukemia
tau: 1.8
threshold: 0.2
TP:,0,1888,5,57,38,436,1,219,7,3,2384,249
TN:,6418,984,6236,5797,5880,3375,6374,5652,6332,6069,1140,4921
FP:,12,3204,128,141,56,2486,9,49,8,27,2457,215
FN:,31,385,92,466,487,164,77,541,114,362,480,1076
Global:
TP: 5287, TN: 59178, FP: 8792, FN: 4275

cancer_name: leukemia
tau: 1.8
threshold: 0.3
TP:,0,2036,11,93,45,473,2,243,7,4,2546,303
TN:,6413,722,6156,5701,5869,2748,6374,5651,6326,6058,869,4861
FP:,17,3466,208,237,67,3113,9,50,14,38,2728,275
FN:,31,237,86,430,480,127,76,517,114,361,318,1022
Global:
TP: 5763, TN: 57748, FP: 10222, FN: 3799

cancer_name: leukemia
tau: 1.9
threshold: 0.1
TP:,0,1731,7,38,24,382,1,194,5,1,1997,188
TN:,6423,1272,6206,5837,5891,4102,6374,5659,6334,6075,1960,4975
FP:,7,2916,158,101,45,1759,9,42,6,21,1637,161
FN:,31,542,90,485,501,218,77,566,116,364,867,1137
Global:
TP: 4568, TN: 61108, FP: 6862, FN: 4994

cancer_name: leukemia
tau: 1.9
threshold: 0.2
TP:,0,1951,11,66,29,439,1,206,7,3,2331,237
TN:,6418,880,6120,5770,5883,3338,6374,5653,6332,6069,1274,4931
FP:,12,3308,244,168,53,2523,9,48,8,27,2323,205
FN:,31,322,86,457,496,161,77,554,114,362,533,1088
Global:
TP: 5281, TN: 59042, FP: 8928, FN: 4281

cancer_name: leukemia
tau: 1.9
threshold: 0.3
TP:,0,2080,20,99,40,478,1,228,7,4,2522,285
TN:,6412,659,5946,5662,5876,2709,6373,5651,6327,6057,922,4883
FP:,18,3529,418,276,60,3152,10,50,13,39,2675,253
FN:,31,193,77,424,485,122,77,532,114,361,342,1040
Global:
TP: 5764, TN: 57477, FP: 10493, FN: 3798

cancer_name: leukemia
tau: 2.0
threshold: 0.1
TP:,0,1847,6,47,22,361,1,185,3,1,1662,167
TN:,6421,1057,6217,5812,5893,4263,6374,5660,6335,6076,2351,4990
FP:,9,3131,147,126,43,1598,9,41,5,20,1246,146
FN:,31,426,91,476,503,239,77,575,118,364,1202,1158
Global:
TP: 4302, TN: 61449, FP: 6521, FN: 5260

cancer_name: leukemia
tau: 2.0
threshold: 0.2
TP:,0,2000,9,78,24,436,1,200,5,2,2272,210
TN:,6415,780,6128,5739,5885,3382,6373,5659,6335,6068,1437,4948
FP:,15,3408,236,199,51,2479,10,42,5,28,2160,188
FN:,31,273,88,445,501,164,77,560,116,363,592,1115
Global:
TP: 5237, TN: 59149, FP: 8821, FN: 4325

cancer_name: leukemia
tau: 2.0
threshold: 0.3
TP:,0,2109,15,116,35,482,1,213,6,4,2499,263
TN:,6407,585,5960,5578,5880,2716,6373,5653,6330,6055,967,4897
FP:,23,3603,404,360,56,3145,10,48,10,41,2630,239
FN:,31,164,82,407,490,118,77,547,115,361,365,1062
Global:
TP: 5743, TN: 57401, FP: 10569, FN: 3819

